482,35
290,10
285,7
285,1
282,17
282,5
282,1
280,5
280,4
280,3
280,1
277,17
277,5
277,1
263,5
263,4
263,3
263,2
263,1
263,0
242,16
242,5
242,1
237,16
237,5
237,1
233,11
233,10
233,9
233,8
233,1
177,7
177,1
143,11
143,1
134,5
134,3
134,1
129,10
129,1
127,7
127,4
127,3
127,1
91,5
91,4
91,1
90,4
90,3
90,1
89,4
89,3
89,1
88,5
88,3
88,1
87,11
87,10
87,9
87,8
87,7
87,6
87,5
87,4
87,3
87,2
87,1
87,0
71,4
71,3
71,1
61,18
61,6
61,1
49,7
49,1
33,4
33,1
20,3
20,2
20,1
19,3
19,2
19,1
18,3
18,1
14,96
14,84
14,18
14,17
14,1
13,5
14,3
13,4
13,6
13,1
12,3
12,2
12,1
11,29
11,27
11,23
11,21
11,17
11,13
11,9
11,3
11,2
11,1
10,3
9,7
9,5
9,3
9,2
9,1
8,18
8,17
8,16
8,15
8,14
8,13
8,12
8,11
8,10
8,9
8,8
8,7
8,6
8,5
8,4
8,3
8,2
13,3
8,1
2,2
2,3
2,1
0,534
0,526
0,476
0,317
